#nrows  ncols  nnz  Matrix_type Precision Start_index NX NY NZ ProcX ProcY ProcZ Block_size
2625	2625	16825	1	17	0	2625	1	1	1	1	1 1
#rank=0:  16825   2625  1  1# local_nnz local_Nx local_Ny local_Nz
	0	0	3.1076190476190491e-001
	0	2	-1.8666666666666651e-002
	0	1	-2.1428571428571460e-002
	0	3	-3.8095238095238071e-002
	1	1	2.8933333333333350e-001
	1	0	-2.1428571428571460e-002
	1	5	-1.8666666666666640e-002
	1	4	-2.1428571428571450e-002
	1	6	-3.8095238095238210e-002
	2	2	2.9209523809523813e-001
	2	0	-1.8666666666666651e-002
	2	7	-1.8666666666666637e-002
	2	5	-2.1428571428571463e-002
	2	8	-3.8095238095238064e-002
	3	3	3.4885714285714303e-001
	3	0	-3.8095238095238071e-002
	3	8	-1.8666666666666644e-002
	3	6	-2.1428571428571453e-002
	3	9	-3.8095238095238196e-002
	4	4	2.8933333333333339e-001
	4	1	-2.1428571428571450e-002
	4	11	-1.8666666666666672e-002
	4	10	-2.1428571428571300e-002
	4	12	-3.8095238095238099e-002
	5	5	2.7066666666666706e-001
	5	2	-2.1428571428571463e-002
	5	1	-1.8666666666666640e-002
	5	13	-1.8666666666666706e-002
	5	11	-2.1428571428571429e-002
	5	14	-3.8095238095238210e-002
	6	6	3.2742857142857157e-001
	6	1	-3.8095238095238210e-002
	6	3	-2.1428571428571453e-002
	6	14	-1.8666666666666644e-002
	6	12	-2.1428571428571446e-002
	6	15	-3.8095238095238043e-002
	7	7	2.9209523809523741e-001
	7	2	-1.8666666666666637e-002
	7	16	-1.8666666666666772e-002
	7	13	-2.1428571428571377e-002
	7	17	-3.8095238095237925e-002
	8	8	3.3019047619047642e-001
	8	2	-3.8095238095238064e-002
	8	3	-1.8666666666666644e-002
	8	17	-1.8666666666666668e-002
	8	14	-2.1428571428571453e-002
	8	18	-3.8095238095238203e-002
	9	9	3.4885714285714331e-001
	9	3	-3.8095238095238196e-002
	9	18	-1.8666666666666679e-002
	9	15	-2.1428571428571463e-002
	9	19	-3.8095238095238147e-002
	10	10	2.8933333333333688e-001
	10	4	-2.1428571428571300e-002
	10	21	-1.8666666666666880e-002
	10	20	-2.1428571428571568e-002
	10	22	-3.8095238095238709e-002
	11	11	2.7066666666666672e-001
	11	5	-2.1428571428571429e-002
	11	4	-1.8666666666666672e-002
	11	23	-1.8666666666666672e-002
	11	21	-2.1428571428571311e-002
	11	24	-3.8095238095238085e-002
	12	12	3.2742857142857151e-001
	12	4	-3.8095238095238099e-002
	12	6	-2.1428571428571446e-002
	12	24	-1.8666666666666675e-002
	12	22	-2.1428571428571300e-002
	12	25	-3.8095238095238203e-002
	13	13	2.7066666666666661e-001
	13	7	-2.1428571428571377e-002
	13	5	-1.8666666666666706e-002
	13	26	-1.8666666666666769e-002
	13	23	-2.1428571428571425e-002
	13	27	-3.8095238095238154e-002
	14	14	3.0876190476190490e-001
	14	5	-3.8095238095238210e-002
	14	8	-2.1428571428571453e-002
	14	6	-1.8666666666666644e-002
	14	27	-1.8666666666666661e-002
	14	24	-2.1428571428571439e-002
	14	28	-3.8095238095238008e-002
	15	15	3.2742857142857090e-001
	15	6	-3.8095238095238043e-002
	15	9	-2.1428571428571463e-002
	15	28	-1.8666666666666602e-002
	15	25	-2.1428571428571463e-002
	15	29	-3.8095238095238029e-002
	16	16	2.9209523809523574e-001
	16	7	-1.8666666666666772e-002
	16	30	-1.8666666666666606e-002
	16	26	-2.1428571428571241e-002
	16	31	-3.8095238095237648e-002
	17	17	3.3019047619047548e-001
	17	7	-3.8095238095237925e-002
	17	8	-1.8666666666666668e-002
	17	31	-1.8666666666666772e-002
	17	27	-2.1428571428571380e-002
	17	32	-3.8095238095238057e-002
	18	18	3.3019047619047620e-001
	18	8	-3.8095238095238203e-002
	18	9	-1.8666666666666679e-002
	18	32	-1.8666666666666713e-002
	18	28	-2.1428571428571411e-002
	18	33	-3.8095238095238043e-002
	19	19	3.4885714285714342e-001
	19	9	-3.8095238095238147e-002
	19	33	-1.8666666666666703e-002
	19	29	-2.1428571428571467e-002
	19	34	-3.8095238095238196e-002
	20	20	2.8933333333332756e-001
	20	10	-2.1428571428571568e-002
	20	36	-1.8666666666666176e-002
	20	35	-2.1428571428571592e-002
	20	37	-3.8095238095237183e-002
	21	21	2.7066666666667000e-001
	21	11	-2.1428571428571311e-002
	21	10	-1.8666666666666880e-002
	21	38	-1.8666666666666953e-002
	21	36	-2.1428571428571568e-002
	21	39	-3.8095238095238688e-002
	22	22	3.2742857142857551e-001
	22	10	-3.8095238095238709e-002
	22	12	-2.1428571428571300e-002
	22	39	-1.8666666666666873e-002
	22	37	-2.1428571428571581e-002
	22	40	-3.8095238095238598e-002
	23	23	2.7066666666666633e-001
	23	13	-2.1428571428571425e-002
	23	11	-1.8666666666666672e-002
	23	41	-1.8666666666666793e-002
	23	38	-2.1428571428571221e-002
	23	42	-3.8095238095238078e-002
	24	24	3.0876190476190490e-001
	24	11	-3.8095238095238085e-002
	24	14	-2.1428571428571439e-002
	24	12	-1.8666666666666675e-002
	24	42	-1.8666666666666658e-002
	24	39	-2.1428571428571297e-002
	24	43	-3.8095238095238196e-002
	25	25	3.2742857142857185e-001
	25	12	-3.8095238095238203e-002
	25	15	-2.1428571428571463e-002
	25	43	-1.8666666666666675e-002
	25	40	-2.1428571428571287e-002
	25	44	-3.8095238095238196e-002
	26	26	2.7066666666666434e-001
	26	16	-2.1428571428571241e-002
	26	13	-1.8666666666666769e-002
	26	45	-1.8666666666666627e-002
	26	41	-2.1428571428571169e-002
	26	46	-3.8095238095237731e-002
	27	27	3.0876190476190446e-001
	27	13	-3.8095238095238154e-002
	27	17	-2.1428571428571380e-002
	27	14	-1.8666666666666661e-002
	27	46	-1.8666666666666762e-002
	27	42	-2.1428571428571439e-002
	27	47	-3.8095238095237904e-002
	28	28	3.0876190476190413e-001
	28	14	-3.8095238095238008e-002
	28	18	-2.1428571428571411e-002
	28	15	-1.8666666666666602e-002
	28	47	-1.8666666666666634e-002
	28	43	-2.1428571428571470e-002
	28	48	-3.8095238095237974e-002
	29	29	3.2742857142857101e-001
	29	15	-3.8095238095238029e-002
	29	19	-2.1428571428571467e-002
	29	48	-1.8666666666666627e-002
	29	44	-2.1428571428571477e-002
	29	49	-3.8095238095238029e-002
	30	30	2.9209523809524157e-001
	30	16	-1.8666666666666606e-002
	30	50	-1.8666666666666731e-002
	30	45	-2.1428571428571748e-002
	30	51	-3.8095238095238564e-002
	31	31	3.3019047619047348e-001
	31	16	-3.8095238095237648e-002
	31	17	-1.8666666666666772e-002
	31	51	-1.8666666666666623e-002
	31	46	-2.1428571428571238e-002
	31	52	-3.8095238095237807e-002
	32	32	3.3019047619047642e-001
	32	17	-3.8095238095238057e-002
	32	18	-1.8666666666666713e-002
	32	52	-1.8666666666666769e-002
	32	47	-2.1428571428571425e-002
	32	53	-3.8095238095238189e-002
	33	33	3.3019047619047581e-001
	33	18	-3.8095238095238043e-002
	33	19	-1.8666666666666703e-002
	33	53	-1.8666666666666713e-002
	33	48	-2.1428571428571391e-002
	33	54	-3.8095238095238071e-002
	34	34	3.1076190476190541e-001
	34	19	-3.8095238095238196e-002
	34	54	-1.8666666666666710e-002
	34	49	-2.1428571428571463e-002
	35	35	2.8933333333333650e-001
	35	20	-2.1428571428571592e-002
	35	56	-1.8666666666666883e-002
	35	55	-2.1428571428571203e-002
	35	57	-3.8095238095238619e-002
	36	36	2.7066666666666139e-001
	36	21	-2.1428571428571568e-002
	36	20	-1.8666666666666176e-002
	36	58	-1.8666666666666186e-002
	36	56	-2.1428571428571592e-002
	36	59	-3.8095238095237162e-002
	37	37	3.2742857142856480e-001
	37	20	-3.8095238095237183e-002
	37	22	-2.1428571428571581e-002
	37	59	-1.8666666666666172e-002
	37	57	-2.1428571428571592e-002
	37	60	-3.8095238095237162e-002
	38	38	2.7066666666666933e-001
	38	23	-2.1428571428571221e-002
	38	21	-1.8666666666666953e-002
	38	61	-1.8666666666667033e-002
	38	58	-2.1428571428571474e-002
	38	62	-3.8095238095238564e-002
	39	39	3.0876190476190857e-001
	39	21	-3.8095238095238688e-002
	39	24	-2.1428571428571297e-002
	39	22	-1.8666666666666873e-002
	39	62	-1.8666666666666953e-002
	39	59	-2.1428571428571578e-002
	39	63	-3.8095238095238640e-002
	40	40	3.2742857142857529e-001
	40	22	-3.8095238095238598e-002
	40	25	-2.1428571428571287e-002
	40	63	-1.8666666666666890e-002
	40	60	-2.1428571428571578e-002
	40	64	-3.8095238095238661e-002
	41	41	2.7066666666666439e-001
	41	26	-2.1428571428571169e-002
	41	23	-1.8666666666666793e-002
	41	65	-1.8666666666666668e-002
	41	61	-2.1428571428571092e-002
	41	66	-3.8095238095237717e-002
	42	42	3.0876190476190435e-001
	42	23	-3.8095238095238078e-002
	42	27	-2.1428571428571439e-002
	42	24	-1.8666666666666658e-002
	42	66	-1.8666666666666810e-002
	42	62	-2.1428571428571224e-002
	42	67	-3.8095238095238064e-002
	43	43	3.0876190476190501e-001
	43	24	-3.8095238095238196e-002
	43	28	-2.1428571428571470e-002
	43	25	-1.8666666666666675e-002
	43	67	-1.8666666666666713e-002
	43	63	-2.1428571428571273e-002
	43	68	-3.8095238095238106e-002
	44	44	3.2742857142857185e-001
	44	25	-3.8095238095238196e-002
	44	29	-2.1428571428571477e-002
	44	68	-1.8666666666666682e-002
	44	64	-2.1428571428571304e-002
	44	69	-3.8095238095238147e-002
	45	45	2.7066666666667000e-001
	45	30	-2.1428571428571748e-002
	45	26	-1.8666666666666627e-002
	45	70	-1.8666666666666710e-002
	45	65	-2.1428571428571751e-002
	45	71	-3.8095238095238716e-002
	46	46	3.0876190476190196e-001
	46	26	-3.8095238095237731e-002
	46	31	-2.1428571428571238e-002
	46	27	-1.8666666666666762e-002
	46	71	-1.8666666666666627e-002
	46	66	-2.1428571428571189e-002
	46	72	-3.8095238095237682e-002
	47	47	3.0876190476190390e-001
	47	27	-3.8095238095237904e-002
	47	32	-2.1428571428571425e-002
	47	28	-1.8666666666666634e-002
	47	72	-1.8666666666666741e-002
	47	67	-2.1428571428571387e-002
	47	73	-3.8095238095237953e-002
	48	48	3.0876190476190396e-001
	48	28	-3.8095238095237974e-002
	48	33	-2.1428571428571391e-002
	48	29	-1.8666666666666627e-002
	48	73	-1.8666666666666637e-002
	48	68	-2.1428571428571467e-002
	48	74	-3.8095238095237967e-002
	49	49	2.8933333333333305e-001
	49	29	-3.8095238095238029e-002
	49	34	-2.1428571428571463e-002
	49	74	-1.8666666666666630e-002
	49	69	-2.1428571428571484e-002
	50	50	2.9209523809523319e-001
	50	30	-1.8666666666666731e-002
	50	75	-1.8666666666666675e-002
	50	70	-2.1428571428571026e-002
	50	76	-3.8095238095237308e-002
	51	51	3.3019047619048036e-001
	51	30	-3.8095238095238564e-002
	51	31	-1.8666666666666623e-002
	51	76	-1.8666666666666731e-002
	51	71	-2.1428571428571748e-002
	51	77	-3.8095238095238716e-002
	52	52	3.3019047619047376e-001
	52	31	-3.8095238095237807e-002
	52	32	-1.8666666666666769e-002
	52	77	-1.8666666666666634e-002
	52	72	-2.1428571428571238e-002
	52	78	-3.8095238095237807e-002
	53	53	3.3019047619047692e-001
	53	32	-3.8095238095238189e-002
	53	33	-1.8666666666666713e-002
	53	78	-1.8666666666666765e-002
	53	73	-2.1428571428571470e-002
	53	79	-3.8095238095238203e-002
	54	54	2.9209523809523791e-001
	54	33	-3.8095238095238071e-002
	54	34	-1.8666666666666710e-002
	54	79	-1.8666666666666706e-002
	54	74	-2.1428571428571391e-002
	55	55	2.8933333333333655e-001
	55	35	-2.1428571428571203e-002
	55	81	-1.8666666666666894e-002
	55	80	-2.1428571428571536e-002
	55	82	-3.8095238095238612e-002
	56	56	2.7066666666666966e-001
	56	36	-2.1428571428571592e-002
	56	35	-1.8666666666666883e-002
	56	83	-1.8666666666666908e-002
	56	81	-2.1428571428571203e-002
	56	84	-3.8095238095238619e-002
	57	57	3.2742857142857507e-001
	57	35	-3.8095238095238619e-002
	57	37	-2.1428571428571592e-002
	57	84	-1.8666666666666890e-002
	57	82	-2.1428571428571158e-002
	57	85	-3.8095238095238619e-002
	58	58	2.7066666666666112e-001
	58	38	-2.1428571428571474e-002
	58	36	-1.8666666666666186e-002
	58	86	-1.8666666666666314e-002
	58	83	-2.1428571428571637e-002
	58	87	-3.8095238095237106e-002
	59	59	3.0876190476189852e-001
	59	36	-3.8095238095237162e-002
	59	39	-2.1428571428571578e-002
	59	37	-1.8666666666666172e-002
	59	87	-1.8666666666666193e-002
	59	84	-2.1428571428571588e-002
	59	88	-3.8095238095237197e-002
	60	60	3.2742857142856469e-001
	60	37	-3.8095238095237162e-002
	60	40	-2.1428571428571578e-002
	60	88	-1.8666666666666179e-002
	60	85	-2.1428571428571609e-002
	60	89	-3.8095238095237176e-002
	61	61	2.7066666666666744e-001
	61	41	-2.1428571428571092e-002
	61	38	-1.8666666666667033e-002
	61	90	-1.8666666666666835e-002
	61	86	-2.1428571428571384e-002
	61	91	-3.8095238095238224e-002
	62	62	3.0876190476190790e-001
	62	38	-3.8095238095238564e-002
	62	42	-2.1428571428571224e-002
	62	39	-1.8666666666666953e-002
	62	91	-1.8666666666667033e-002
	62	87	-2.1428571428571488e-002
	62	92	-3.8095238095238487e-002
	63	63	3.0876190476190807e-001
	63	39	-3.8095238095238640e-002
	63	43	-2.1428571428571273e-002
	63	40	-1.8666666666666890e-002
	63	92	-1.8666666666666901e-002
	63	88	-2.1428571428571578e-002
	63	93	-3.8095238095238501e-002
	64	64	3.2742857142857529e-001
	64	40	-3.8095238095238661e-002
	64	44	-2.1428571428571304e-002
	64	93	-1.8666666666666901e-002
	64	89	-2.1428571428571595e-002
	64	94	-3.8095238095238612e-002
	65	65	2.7066666666667016e-001
	65	45	-2.1428571428571751e-002
	65	41	-1.8666666666666668e-002
	65	95	-1.8666666666666758e-002
	65	90	-2.1428571428571571e-002
	65	96	-3.8095238095238688e-002
	66	66	3.0876190476190224e-001
	66	41	-3.8095238095237717e-002
	66	46	-2.1428571428571189e-002
	66	42	-1.8666666666666810e-002
	66	96	-1.8666666666666637e-002
	66	91	-2.1428571428571085e-002
	66	97	-3.8095238095237800e-002
	67	67	3.0876190476190463e-001
	67	42	-3.8095238095238064e-002
	67	47	-2.1428571428571387e-002
	67	43	-1.8666666666666713e-002
	67	97	-1.8666666666666783e-002
	67	92	-2.1428571428571255e-002
	67	98	-3.8095238095238126e-002
	68	68	3.0876190476190479e-001
	68	43	-3.8095238095238106e-002
	68	48	-2.1428571428571467e-002
	68	44	-1.8666666666666682e-002
	68	98	-1.8666666666666699e-002
	68	93	-2.1428571428571228e-002
	68	99	-3.8095238095238119e-002
	69	69	2.8933333333333383e-001
	69	44	-3.8095238095238147e-002
	69	49	-2.1428571428571484e-002
	69	99	-1.8666666666666692e-002
	69	94	-2.1428571428571297e-002
	70	70	2.7066666666666223e-001
	70	50	-2.1428571428571026e-002
	70	45	-1.8666666666666710e-002
	70	100	-1.8666666666666672e-002
	70	95	-2.1428571428571019e-002
	70	101	-3.8095238095237426e-002
	71	71	3.0876190476190857e-001
	71	45	-3.8095238095238716e-002
	71	51	-2.1428571428571748e-002
	71	46	-1.8666666666666627e-002
	71	101	-1.8666666666666710e-002
	71	96	-2.1428571428571738e-002
	71	102	-3.8095238095238550e-002
	72	72	3.0876190476190168e-001
	72	46	-3.8095238095237682e-002
	72	52	-2.1428571428571238e-002
	72	47	-1.8666666666666741e-002
	72	102	-1.8666666666666564e-002
	72	97	-2.1428571428571217e-002
	72	103	-3.8095238095237655e-002
	73	73	3.0876190476190402e-001
	73	47	-3.8095238095237953e-002
	73	53	-2.1428571428571470e-002
	73	48	-1.8666666666666637e-002
	73	103	-1.8666666666666710e-002
	73	98	-2.1428571428571377e-002
	73	104	-3.8095238095237974e-002
	74	74	2.7066666666666578e-001
	74	48	-3.8095238095237967e-002
	74	54	-2.1428571428571391e-002
	74	49	-1.8666666666666630e-002
	74	104	-1.8666666666666640e-002
	74	99	-2.1428571428571429e-002
	75	75	2.9209523809524168e-001
	75	50	-1.8666666666666675e-002
	75	105	-1.8666666666666384e-002
	75	100	-2.1428571428571758e-002
	75	106	-3.8095238095238591e-002
	76	76	3.3019047619047065e-001
	76	50	-3.8095238095237308e-002
	76	51	-1.8666666666666731e-002
	76	106	-1.8666666666666692e-002
	76	101	-2.1428571428571023e-002
	76	107	-3.8095238095237412e-002
	77	77	3.3019047619048064e-001
	77	51	-3.8095238095238716e-002
	77	52	-1.8666666666666634e-002
	77	107	-1.8666666666666755e-002
	77	102	-2.1428571428571748e-002
	77	108	-3.8095238095238654e-002
	78	78	3.3019047619047387e-001
	78	52	-3.8095238095237807e-002
	78	53	-1.8666666666666765e-002
	78	108	-1.8666666666666637e-002
	78	103	-2.1428571428571248e-002
	78	109	-3.8095238095237779e-002
	79	79	2.9209523809523885e-001
	79	53	-3.8095238095238203e-002
	79	54	-1.8666666666666706e-002
	79	109	-1.8666666666666762e-002
	79	104	-2.1428571428571470e-002
	80	80	2.8933333333332745e-001
	80	55	-2.1428571428571536e-002
	80	111	-1.8666666666666200e-002
	80	110	-2.1428571428571644e-002
	80	112	-3.8095238095237134e-002
	81	81	2.7066666666666928e-001
	81	56	-2.1428571428571203e-002
	81	55	-1.8666666666666894e-002
	81	113	-1.8666666666666918e-002
	81	111	-2.1428571428571509e-002
	81	114	-3.8095238095238564e-002
	82	82	3.2742857142857512e-001
	82	55	-3.8095238095238612e-002
	82	57	-2.1428571428571158e-002
	82	114	-1.8666666666666915e-002
	82	112	-2.1428571428571581e-002
	82	115	-3.8095238095238619e-002
	83	83	2.7066666666666933e-001
	83	58	-2.1428571428571637e-002
	83	56	-1.8666666666666908e-002
	83	116	-1.8666666666667012e-002
	83	113	-2.1428571428571106e-002
	83	117	-3.8095238095238550e-002
	84	84	3.0876190476190790e-001
	84	56	-3.8095238095238619e-002
	84	59	-2.1428571428571588e-002
	84	57	-1.8666666666666890e-002
	84	117	-1.8666666666666908e-002
	84	114	-2.1428571428571165e-002
	84	118	-3.8095238095238564e-002
	85	85	3.2742857142857512e-001
	85	57	-3.8095238095238619e-002
	85	60	-2.1428571428571609e-002
	85	118	-1.8666666666666901e-002
	85	115	-2.1428571428571176e-002
	85	119	-3.8095238095238647e-002
	86	86	2.7066666666665873e-001
	86	61	-2.1428571428571384e-002
	86	58	-1.8666666666666314e-002
	86	120	-1.8666666666666151e-002
	86	116	-2.1428571428571273e-002
	86	121	-3.8095238095236704e-002
	87	87	3.0876190476189824e-001
	87	58	-3.8095238095237106e-002
	87	62	-2.1428571428571488e-002
	87	59	-1.8666666666666193e-002
	87	121	-1.8666666666666304e-002
	87	117	-2.1428571428571627e-002
	87	122	-3.8095238095237099e-002
	88	88	3.0876190476189824e-001
	88	59	-3.8095238095237197e-002
	88	63	-2.1428571428571578e-002
	88	60	-1.8666666666666179e-002
	88	122	-1.8666666666666182e-002
	88	118	-2.1428571428571540e-002
	88	123	-3.8095238095237093e-002
	89	89	3.2742857142856474e-001
	89	60	-3.8095238095237176e-002
	89	64	-2.1428571428571595e-002
	89	123	-1.8666666666666203e-002
	89	119	-2.1428571428571571e-002
	89	124	-3.8095238095237162e-002
	90	90	2.7066666666667283e-001
	90	65	-2.1428571428571571e-002
	90	61	-1.8666666666666835e-002
	90	125	-1.8666666666666970e-002
	90	120	-2.1428571428571897e-002
	90	126	-3.8095238095239140e-002
	91	91	3.0876190476190574e-001
	91	61	-3.8095238095238224e-002
	91	66	-2.1428571428571085e-002
	91	62	-1.8666666666667033e-002
	91	126	-1.8666666666666849e-002
	91	121	-2.1428571428571384e-002
	91	127	-3.8095238095238224e-002
	92	92	3.0876190476190774e-001
	92	62	-3.8095238095238487e-002
	92	67	-2.1428571428571255e-002
	92	63	-1.8666666666666901e-002
	92	127	-1.8666666666667019e-002
	92	122	-2.1428571428571491e-002
	92	128	-3.8095238095238577e-002
	93	93	3.0876190476190790e-001
	93	63	-3.8095238095238501e-002
	93	68	-2.1428571428571228e-002
	93	64	-1.8666666666666901e-002
	93	128	-1.8666666666666921e-002
	93	123	-2.1428571428571606e-002
	93	129	-3.8095238095238598e-002
	94	94	2.8933333333333672e-001
	94	64	-3.8095238095238612e-002
	94	69	-2.1428571428571297e-002
	94	129	-1.8666666666666911e-002
	94	124	-2.1428571428571585e-002
	95	95	2.7066666666666234e-001
	95	70	-2.1428571428571019e-002
	95	65	-1.8666666666666758e-002
	95	130	-1.8666666666666703e-002
	95	125	-2.1428571428570870e-002
	95	131	-3.8095238095237419e-002
	96	96	3.0876190476190879e-001
	96	65	-3.8095238095238688e-002
	96	71	-2.1428571428571738e-002
	96	66	-1.8666666666666637e-002
	96	131	-1.8666666666666758e-002
	96	126	-2.1428571428571599e-002
	96	132	-3.8095238095238682e-002
	97	97	3.0876190476190241e-001
	97	66	-3.8095238095237800e-002
	97	72	-2.1428571428571217e-002
	97	67	-1.8666666666666783e-002
	97	132	-1.8666666666666634e-002
	97	127	-2.1428571428571096e-002
	97	133	-3.8095238095237793e-002
	98	98	3.0876190476190485e-001
	98	67	-3.8095238095238126e-002
	98	73	-2.1428571428571377e-002
	98	68	-1.8666666666666699e-002
	98	133	-1.8666666666666786e-002
	98	128	-2.1428571428571318e-002
	98	134	-3.8095238095238085e-002
	99	99	2.7066666666666656e-001
	99	68	-3.8095238095238119e-002
	99	74	-2.1428571428571429e-002
	99	69	-1.8666666666666692e-002
	99	134	-1.8666666666666710e-002
	99	129	-2.1428571428571238e-002
	100	100	2.7066666666666989e-001
	100	75	-2.1428571428571758e-002
	100	70	-1.8666666666666672e-002
	100	135	-1.8666666666666384e-002
	100	130	-2.1428571428571738e-002
	100	136	-3.8095238095238744e-002
	101	101	3.0876190476189957e-001
	101	70	-3.8095238095237426e-002
	101	76	-2.1428571428571023e-002
	101	71	-1.8666666666666710e-002
	101	136	-1.8666666666666727e-002
	101	131	-2.1428571428571012e-002
	101	137	-3.8095238095237287e-002
	102	102	3.0876190476190796e-001
	102	71	-3.8095238095238550e-002
	102	77	-2.1428571428571748e-002
	102	72	-1.8666666666666564e-002
	102	137	-1.8666666666666668e-002
	102	132	-2.1428571428571748e-002
	102	138	-3.8095238095238557e-002
	103	103	3.0876190476190168e-001
	103	72	-3.8095238095237655e-002
	103	78	-2.1428571428571248e-002
	103	73	-1.8666666666666710e-002
	103	138	-1.8666666666666602e-002
	103	133	-2.1428571428571238e-002
	103	139	-3.8095238095237641e-002
	104	104	2.7066666666666633e-001
	104	73	-3.8095238095237974e-002
	104	79	-2.1428571428571470e-002
	104	74	-1.8666666666666640e-002
	104	139	-1.8666666666666720e-002
	104	134	-2.1428571428571429e-002
	105	105	2.9209523809524157e-001
	105	75	-1.8666666666666384e-002
	105	140	-1.8666666666666745e-002
	105	135	-2.1428571428571755e-002
	105	141	-3.8095238095238598e-002
	106	106	3.3019047619048036e-001
	106	75	-3.8095238095238591e-002
	106	76	-1.8666666666666692e-002
	106	141	-1.8666666666666398e-002
	106	136	-2.1428571428571755e-002
	106	142	-3.8095238095238675e-002
	107	107	3.3019047619047087e-001
	107	76	-3.8095238095237412e-002
	107	77	-1.8666666666666755e-002
	107	142	-1.8666666666666699e-002
	107	137	-2.1428571428571026e-002
	107	143	-3.8095238095237391e-002
	108	108	3.3019047619048053e-001
	108	77	-3.8095238095238654e-002
	108	78	-1.8666666666666637e-002
	108	143	-1.8666666666666720e-002
	108	138	-2.1428571428571755e-002
	108	144	-3.8095238095238709e-002
	109	109	2.9209523809523602e-001
	109	78	-3.8095238095237779e-002
	109	79	-1.8666666666666762e-002
	109	144	-1.8666666666666672e-002
	109	139	-2.1428571428571241e-002
	110	110	2.8933333333333644e-001
	110	80	-2.1428571428571644e-002
	110	146	-1.8666666666666918e-002
	110	145	-2.1428571428571134e-002
	110	147	-3.8095238095238612e-002
	111	111	2.7066666666666056e-001
	111	81	-2.1428571428571509e-002
	111	80	-1.8666666666666200e-002
	111	148	-1.8666666666666186e-002
	111	146	-2.1428571428571526e-002
	111	149	-3.8095238095237009e-002
	112	112	3.2742857142856463e-001
	112	80	-3.8095238095237134e-002
	112	82	-2.1428571428571581e-002
	112	149	-1.8666666666666200e-002
	112	147	-2.1428571428571602e-002
	112	150	-3.8095238095237155e-002
	113	113	2.7066666666666939e-001
	113	83	-2.1428571428571106e-002
	113	81	-1.8666666666666918e-002
	113	151	-1.8666666666667012e-002
	113	148	-2.1428571428571536e-002
	113	152	-3.8095238095238557e-002
	114	114	3.0876190476190768e-001
	114	81	-3.8095238095238564e-002
	114	84	-2.1428571428571165e-002
	114	82	-1.8666666666666915e-002
	114	152	-1.8666666666666904e-002
	114	149	-2.1428571428571460e-002
	114	153	-3.8095238095238459e-002
	115	115	3.2742857142857523e-001
	115	82	-3.8095238095238619e-002
	115	85	-2.1428571428571176e-002
	115	153	-1.8666666666666908e-002
	115	150	-2.1428571428571554e-002
	115	154	-3.8095238095238661e-002
	116	116	2.7066666666666689e-001
	116	86	-2.1428571428571273e-002
	116	83	-1.8666666666667012e-002
	116	155	-1.8666666666666863e-002
	116	151	-2.1428571428570960e-002
	116	156	-3.8095238095238154e-002
	117	117	3.0876190476190807e-001
	117	83	-3.8095238095238550e-002
	117	87	-2.1428571428571627e-002
	117	84	-1.8666666666666908e-002
	117	156	-1.8666666666667005e-002
	117	152	-2.1428571428571096e-002
	117	157	-3.8095238095238619e-002
	118	118	3.0876190476190785e-001
	118	84	-3.8095238095238564e-002
	118	88	-2.1428571428571540e-002
	118	85	-1.8666666666666901e-002
	118	157	-1.8666666666666904e-002
	118	153	-2.1428571428571134e-002
	118	158	-3.8095238095238550e-002
	119	119	3.2742857142857518e-001
	119	85	-3.8095238095238647e-002
	119	89	-2.1428571428571571e-002
	119	158	-1.8666666666666911e-002
	119	154	-2.1428571428571207e-002
	119	159	-3.8095238095238612e-002
	120	120	2.7066666666666461e-001
	120	90	-2.1428571428571897e-002
	120	86	-1.8666666666666151e-002
	120	160	-1.8666666666666241e-002
	120	155	-2.1428571428571873e-002
	120	161	-3.8095238095237668e-002
	121	121	3.0876190476189541e-001
	121	86	-3.8095238095236704e-002
	121	91	-2.1428571428571384e-002
	121	87	-1.8666666666666304e-002
	121	161	-1.8666666666666158e-002
	121	156	-2.1428571428571273e-002
	121	162	-3.8095238095236690e-002
	122	122	3.0876190476189835e-001
	122	87	-3.8095238095237099e-002
	122	92	-2.1428571428571491e-002
	122	88	-1.8666666666666182e-002
	122	162	-1.8666666666666290e-002
	122	157	-2.1428571428571609e-002
	122	163	-3.8095238095237127e-002
	123	123	3.0876190476189819e-001
	123	88	-3.8095238095237093e-002
	123	93	-2.1428571428571606e-002
	123	89	-1.8666666666666203e-002
	123	163	-1.8666666666666203e-002
	123	158	-2.1428571428571495e-002
	123	164	-3.8095238095237093e-002
	124	124	2.8933333333332761e-001
	124	89	-3.8095238095237162e-002
	124	94	-2.1428571428571585e-002
	124	164	-1.8666666666666203e-002
	124	159	-2.1428571428571616e-002
	125	125	2.7066666666666511e-001
	125	95	-2.1428571428570870e-002
	125	90	-1.8666666666666970e-002
	125	165	-1.8666666666666915e-002
	125	160	-2.1428571428571137e-002
	125	166	-3.8095238095237849e-002
	126	126	3.0876190476191195e-001
	126	90	-3.8095238095239140e-002
	126	96	-2.1428571428571599e-002
	126	91	-1.8666666666666849e-002
	126	166	-1.8666666666666953e-002
	126	161	-2.1428571428571866e-002
	126	167	-3.8095238095239119e-002
	127	127	3.0876190476190563e-001
	127	91	-3.8095238095238224e-002
	127	97	-2.1428571428571096e-002
	127	92	-1.8666666666667019e-002
	127	167	-1.8666666666666859e-002
	127	162	-2.1428571428571342e-002
	127	168	-3.8095238095238203e-002
	128	128	3.0876190476190818e-001
	128	92	-3.8095238095238577e-002
	128	98	-2.1428571428571318e-002
	128	93	-1.8666666666666921e-002
	128	168	-1.8666666666666991e-002
	128	163	-2.1428571428571498e-002
	128	169	-3.8095238095238550e-002
	129	129	2.7066666666666939e-001
	129	93	-3.8095238095238598e-002
	129	99	-2.1428571428571238e-002
	129	94	-1.8666666666666911e-002
	129	169	-1.8666666666666921e-002
	129	164	-2.1428571428571536e-002
	130	130	2.7066666666667005e-001
	130	100	-2.1428571428571738e-002
	130	95	-1.8666666666666703e-002
	130	170	-1.8666666666666394e-002
	130	165	-2.1428571428571599e-002
	130	171	-3.8095238095238702e-002
	131	131	3.0876190476189980e-001
	131	95	-3.8095238095237419e-002
	131	101	-2.1428571428571012e-002
	131	96	-1.8666666666666758e-002
	131	171	-1.8666666666666720e-002
	131	166	-2.1428571428570856e-002
	131	172	-3.8095238095237426e-002
	132	132	3.0876190476190879e-001
	132	96	-3.8095238095238682e-002
	132	102	-2.1428571428571748e-002
	132	97	-1.8666666666666634e-002
	132	172	-1.8666666666666755e-002
	132	167	-2.1428571428571585e-002
	132	173	-3.8095238095238682e-002
	133	133	3.0876190476190246e-001
	133	97	-3.8095238095237793e-002
	133	103	-2.1428571428571238e-002
	133	98	-1.8666666666666786e-002
	133	173	-1.8666666666666630e-002
	133	168	-2.1428571428571071e-002
	133	174	-3.8095238095237779e-002
	134	134	2.7066666666666700e-001
	134	98	-3.8095238095238085e-002
	134	104	-2.1428571428571429e-002
	134	99	-1.8666666666666710e-002
	134	174	-1.8666666666666790e-002
	134	169	-2.1428571428571328e-002
	135	135	2.7066666666667011e-001
	135	105	-2.1428571428571755e-002
	135	100	-1.8666666666666384e-002
	135	175	-1.8666666666666800e-002
	135	170	-2.1428571428571738e-002
	135	176	-3.8095238095238779e-002
	136	136	3.0876190476190846e-001
	136	100	-3.8095238095238744e-002
	136	106	-2.1428571428571755e-002
	136	101	-1.8666666666666727e-002
	136	176	-1.8666666666666398e-002
	136	171	-2.1428571428571727e-002
	136	177	-3.8095238095238543e-002
	137	137	3.0876190476189902e-001
	137	101	-3.8095238095237287e-002
	137	107	-2.1428571428571026e-002
	137	102	-1.8666666666666668e-002
	137	177	-1.8666666666666630e-002
	137	172	-2.1428571428571023e-002
	137	178	-3.8095238095237259e-002
	138	138	3.0876190476190801e-001
	138	102	-3.8095238095238557e-002
	138	108	-2.1428571428571755e-002
	138	103	-1.8666666666666602e-002
	138	178	-1.8666666666666658e-002
	138	173	-2.1428571428571755e-002
	138	179	-3.8095238095238571e-002
	139	139	2.7066666666666406e-001
	139	103	-3.8095238095237641e-002
	139	109	-2.1428571428571241e-002
	139	104	-1.8666666666666720e-002
	139	179	-1.8666666666666564e-002
	139	174	-2.1428571428571241e-002
	140	140	2.9209523809523297e-001
	140	105	-1.8666666666666745e-002
	140	180	-1.8666666666666745e-002
	140	175	-2.1428571428571009e-002
	140	181	-3.8095238095237259e-002
	141	141	3.3019047619048014e-001
	141	105	-3.8095238095238598e-002
	141	106	-1.8666666666666398e-002
	141	181	-1.8666666666666689e-002
	141	176	-2.1428571428571762e-002
	141	182	-3.8095238095238668e-002
	142	142	3.3019047619048059e-001
	142	106	-3.8095238095238675e-002
	142	107	-1.8666666666666699e-002
	142	182	-1.8666666666666373e-002
	142	177	-2.1428571428571748e-002
	142	183	-3.8095238095238730e-002
	143	143	3.3019047619047098e-001
	143	107	-3.8095238095237391e-002
	143	108	-1.8666666666666720e-002
	143	183	-1.8666666666666720e-002
	143	178	-2.1428571428571040e-002
	143	184	-3.8095238095237446e-002
	144	144	2.9209523809524213e-001
	144	108	-3.8095238095238709e-002
	144	109	-1.8666666666666672e-002
	144	184	-1.8666666666666745e-002
	144	179	-2.1428571428571755e-002
	145	145	2.8933333333333650e-001
	145	110	-2.1428571428571134e-002
	145	186	-1.8666666666666918e-002
	145	185	-2.1428571428571627e-002
	145	187	-3.8095238095238619e-002
	146	146	2.7066666666666889e-001
	146	111	-2.1428571428571526e-002
	146	110	-1.8666666666666918e-002
	146	188	-1.8666666666666918e-002
	146	186	-2.1428571428571151e-002
	146	189	-3.8095238095238466e-002
	147	147	3.2742857142857523e-001
	147	110	-3.8095238095238612e-002
	147	112	-2.1428571428571602e-002
	147	189	-1.8666666666666915e-002
	147	187	-2.1428571428571224e-002
	147	190	-3.8095238095238626e-002
	148	148	2.7066666666666139e-001
	148	113	-2.1428571428571536e-002
	148	111	-1.8666666666666186e-002
	148	191	-1.8666666666666280e-002
	148	188	-2.1428571428571644e-002
	148	192	-3.8095238095237155e-002
	149	149	3.0876190476189741e-001
	149	111	-3.8095238095237009e-002
	149	114	-2.1428571428571460e-002
	149	112	-1.8666666666666200e-002
	149	192	-1.8666666666666200e-002
	149	189	-2.1428571428571502e-002
	149	193	-3.8095238095237023e-002
	150	150	3.2742857142856457e-001
	150	112	-3.8095238095237155e-002
	150	115	-2.1428571428571554e-002
	150	193	-1.8666666666666193e-002
	150	190	-2.1428571428571595e-002
	150	194	-3.8095238095237169e-002
	151	151	2.7066666666666733e-001
	151	116	-2.1428571428570960e-002
	151	113	-1.8666666666667012e-002
	151	195	-1.8666666666666835e-002
	151	191	-2.1428571428571359e-002
	151	196	-3.8095238095238224e-002
	152	152	3.0876190476190812e-001
	152	113	-3.8095238095238557e-002
	152	117	-2.1428571428571096e-002
	152	114	-1.8666666666666904e-002
	152	196	-1.8666666666667012e-002
	152	192	-2.1428571428571602e-002
	152	197	-3.8095238095238640e-002
	153	153	3.0876190476190740e-001
	153	114	-3.8095238095238459e-002
	153	118	-2.1428571428571134e-002
	153	115	-1.8666666666666908e-002
	153	197	-1.8666666666666911e-002
	153	193	-2.1428571428571502e-002
	153	198	-3.8095238095238550e-002
	154	154	3.2742857142857523e-001
	154	115	-3.8095238095238661e-002
	154	119	-2.1428571428571207e-002
	154	198	-1.8666666666666911e-002
	154	194	-2.1428571428571585e-002
	154	199	-3.8095238095238612e-002
	155	155	2.7066666666667277e-001
	155	120	-2.1428571428571873e-002
	155	116	-1.8666666666666863e-002
	155	200	-1.8666666666666970e-002
	155	195	-2.1428571428571495e-002
	155	201	-3.8095238095239140e-002
	156	156	3.0876190476190496e-001
	156	116	-3.8095238095238154e-002
	156	121	-2.1428571428571273e-002
	156	117	-1.8666666666667005e-002
	156	201	-1.8666666666666863e-002
	156	196	-2.1428571428570960e-002
	156	202	-3.8095238095238133e-002
	157	157	3.0876190476190812e-001
	157	117	-3.8095238095238619e-002
	157	122	-2.1428571428571609e-002
	157	118	-1.8666666666666904e-002
	157	202	-1.8666666666666994e-002
	157	197	-2.1428571428571162e-002
	157	203	-3.8095238095238591e-002
	158	158	3.0876190476190757e-001
	158	118	-3.8095238095238550e-002
	158	123	-2.1428571428571495e-002
	158	119	-1.8666666666666911e-002
	158	203	-1.8666666666666921e-002
	158	198	-2.1428571428571144e-002
	158	204	-3.8095238095238446e-002
	159	159	2.8933333333333661e-001
	159	119	-3.8095238095238612e-002
	159	124	-2.1428571428571616e-002
	159	204	-1.8666666666666921e-002
	159	199	-2.1428571428571228e-002
	160	160	2.7066666666665679e-001
	160	125	-2.1428571428571137e-002
	160	120	-1.8666666666666241e-002
	160	205	-1.8666666666666241e-002
	160	200	-2.1428571428571162e-002
	160	206	-3.8095238095236426e-002
	161	161	3.0876190476190224e-001
	161	120	-3.8095238095237668e-002
	161	126	-2.1428571428571866e-002
	161	121	-1.8666666666666158e-002
	161	206	-1.8666666666666262e-002
	161	201	-2.1428571428571873e-002
	161	207	-3.8095238095237689e-002
	162	162	3.0876190476189563e-001
	162	121	-3.8095238095236690e-002
	162	127	-2.1428571428571342e-002
	162	122	-1.8666666666666290e-002
	162	207	-1.8666666666666155e-002
	162	202	-2.1428571428571328e-002
	162	208	-3.8095238095236808e-002
	163	163	3.0876190476189824e-001
	163	122	-3.8095238095237127e-002
	163	128	-2.1428571428571498e-002
	163	123	-1.8666666666666203e-002
	163	208	-1.8666666666666311e-002
	163	203	-2.1428571428571630e-002
	163	209	-3.8095238095237099e-002
	164	164	2.7066666666666095e-001
	164	123	-3.8095238095237093e-002
	164	129	-2.1428571428571536e-002
	164	124	-1.8666666666666203e-002
	164	209	-1.8666666666666221e-002
	164	204	-2.1428571428571540e-002
	165	165	2.7066666666667283e-001
	165	130	-2.1428571428571599e-002
	165	125	-1.8666666666666915e-002
	165	210	-1.8666666666666627e-002
	165	205	-2.1428571428571890e-002
	165	211	-3.8095238095239174e-002
	166	166	3.0876190476190302e-001
	166	125	-3.8095238095237849e-002
	166	131	-2.1428571428570856e-002
	166	126	-1.8666666666666953e-002
	166	211	-1.8666666666666932e-002
	166	206	-2.1428571428571158e-002
	166	212	-3.8095238095237849e-002
	167	167	3.0876190476191201e-001
	167	126	-3.8095238095239119e-002
	167	132	-2.1428571428571585e-002
	167	127	-1.8666666666666859e-002
	167	212	-1.8666666666666928e-002
	167	207	-2.1428571428571866e-002
	167	213	-3.8095238095239153e-002
	168	168	3.0876190476190568e-001
	168	127	-3.8095238095238203e-002
	168	133	-2.1428571428571071e-002
	168	128	-1.8666666666666991e-002
	168	213	-1.8666666666666866e-002
	168	208	-2.1428571428571373e-002
	168	214	-3.8095238095238217e-002
	169	169	2.7066666666666966e-001
	169	128	-3.8095238095238550e-002
	169	134	-2.1428571428571328e-002
	169	129	-1.8666666666666921e-002
	169	214	-1.8666666666666984e-002
	169	209	-2.1428571428571526e-002
	170	170	2.7066666666666994e-001
	170	135	-2.1428571428571738e-002
	170	130	-1.8666666666666394e-002
	170	215	-1.8666666666666772e-002
	170	210	-2.1428571428571609e-002
	170	216	-3.8095238095238709e-002
	171	171	3.0876190476190879e-001
	171	130	-3.8095238095238702e-002
	171	136	-2.1428571428571727e-002
	171	131	-1.8666666666666720e-002
	171	216	-1.8666666666666415e-002
	171	211	-2.1428571428571623e-002
	171	217	-3.8095238095238682e-002
	172	172	3.0876190476189980e-001
	172	131	-3.8095238095237426e-002
	172	137	-2.1428571428571023e-002
	172	132	-1.8666666666666755e-002
	172	217	-1.8666666666666679e-002
	172	212	-2.1428571428570856e-002
	172	218	-3.8095238095237419e-002
	173	173	3.0876190476190879e-001
	173	132	-3.8095238095238682e-002
	173	138	-2.1428571428571755e-002
	173	133	-1.8666666666666630e-002
	173	218	-1.8666666666666741e-002
	173	213	-2.1428571428571585e-002
	173	219	-3.8095238095238709e-002
	174	174	2.7066666666666461e-001
	174	133	-3.8095238095237779e-002
	174	139	-2.1428571428571241e-002
	174	134	-1.8666666666666790e-002
	174	219	-1.8666666666666634e-002
	174	214	-2.1428571428571061e-002
	175	175	2.7066666666666195e-001
	175	140	-2.1428571428571009e-002
	175	135	-1.8666666666666800e-002
	175	220	-1.8666666666666620e-002
	175	215	-2.1428571428570999e-002
	175	221	-3.8095238095237405e-002
	176	176	3.0876190476190846e-001
	176	135	-3.8095238095238779e-002
	176	141	-2.1428571428571762e-002
	176	136	-1.8666666666666398e-002
	176	221	-1.8666666666666689e-002
	176	216	-2.1428571428571731e-002
	176	222	-3.8095238095238536e-002
	177	177	3.0876190476190785e-001
	177	136	-3.8095238095238543e-002
	177	142	-2.1428571428571748e-002
	177	137	-1.8666666666666630e-002
	177	222	-1.8666666666666342e-002
	177	217	-2.1428571428571755e-002
	177	223	-3.8095238095238564e-002
	178	178	3.0876190476189913e-001
	178	137	-3.8095238095237259e-002
	178	143	-2.1428571428571040e-002
	178	138	-1.8666666666666658e-002
	178	223	-1.8666666666666637e-002
	178	218	-2.1428571428571037e-002
	178	224	-3.8095238095237322e-002
	179	179	2.7066666666666955e-001
	179	138	-3.8095238095238571e-002
	179	144	-2.1428571428571755e-002
	179	139	-1.8666666666666564e-002
	179	224	-1.8666666666666692e-002
	179	219	-2.1428571428571755e-002
	180	180	2.9209523809524152e-001
	180	140	-1.8666666666666745e-002
	180	225	-1.8666666666666651e-002
	180	220	-2.1428571428571734e-002
	180	226	-3.8095238095238550e-002
	181	181	3.3019047619047032e-001
	181	140	-3.8095238095237259e-002
	181	141	-1.8666666666666689e-002
	181	226	-1.8666666666666689e-002
	181	221	-2.1428571428571009e-002
	181	227	-3.8095238095237377e-002
	182	182	3.3019047619048053e-001
	182	141	-3.8095238095238668e-002
	182	142	-1.8666666666666373e-002
	182	227	-1.8666666666666755e-002
	182	222	-2.1428571428571758e-002
	182	228	-3.8095238095238744e-002
	183	183	3.3019047619048070e-001
	183	142	-3.8095238095238730e-002
	183	143	-1.8666666666666720e-002
	183	228	-1.8666666666666394e-002
	183	223	-2.1428571428571758e-002
	183	229	-3.8095238095238751e-002
	184	184	2.9209523809523369e-001
	184	143	-3.8095238095237446e-002
	184	144	-1.8666666666666745e-002
	184	229	-1.8666666666666745e-002
	184	224	-2.1428571428571044e-002
	185	185	2.8933333333332772e-001
	185	145	-2.1428571428571627e-002
	185	231	-1.8666666666666196e-002
	185	230	-2.1428571428571581e-002
	185	232	-3.8095238095237190e-002
	186	186	2.7066666666666889e-001
	186	146	-2.1428571428571151e-002
	186	145	-1.8666666666666918e-002
	186	233	-1.8666666666666908e-002
	186	231	-2.1428571428571463e-002
	186	234	-3.8095238095238494e-002
	187	187	3.2742857142857507e-001
	187	145	-3.8095238095238619e-002
	187	147	-2.1428571428571224e-002
	187	234	-1.8666666666666918e-002
	187	232	-2.1428571428571581e-002
	187	235	-3.8095238095238619e-002
	188	188	2.7066666666666972e-001
	188	148	-2.1428571428571644e-002
	188	146	-1.8666666666666918e-002
	188	236	-1.8666666666666987e-002
	188	233	-2.1428571428571134e-002
	188	237	-3.8095238095238612e-002
	189	189	3.0876190476190735e-001
	189	146	-3.8095238095238466e-002
	189	149	-2.1428571428571502e-002
	189	147	-1.8666666666666915e-002
	189	237	-1.8666666666666904e-002
	189	234	-2.1428571428571127e-002
	189	238	-3.8095238095238487e-002
	190	190	3.2742857142857512e-001
	190	147	-3.8095238095238626e-002
	190	150	-2.1428571428571595e-002
	190	238	-1.8666666666666918e-002
	190	235	-2.1428571428571200e-002
	190	239	-3.8095238095238619e-002
	191	191	2.7066666666665895e-001
	191	151	-2.1428571428571359e-002
	191	148	-1.8666666666666280e-002
	191	240	-1.8666666666666134e-002
	191	236	-2.1428571428571384e-002
	191	241	-3.8095238095236746e-002
	192	192	3.0876190476189858e-001
	192	148	-3.8095238095237155e-002
	192	152	-2.1428571428571602e-002
	192	149	-1.8666666666666200e-002
	192	241	-1.8666666666666262e-002
	192	237	-2.1428571428571581e-002
	192	242	-3.8095238095237141e-002
	193	193	3.0876190476189752e-001
	193	149	-3.8095238095237023e-002
	193	153	-2.1428571428571502e-002
	193	150	-1.8666666666666193e-002
	193	242	-1.8666666666666196e-002
	193	238	-2.1428571428571547e-002
	193	243	-3.8095238095237037e-002
	194	194	3.2742857142856457e-001
	194	150	-3.8095238095237169e-002
	194	154	-2.1428571428571585e-002
	194	243	-1.8666666666666200e-002
	194	239	-2.1428571428571585e-002
	194	244	-3.8095238095237086e-002
	195	195	2.7066666666667283e-001
	195	155	-2.1428571428571495e-002
	195	151	-1.8666666666666835e-002
	195	245	-1.8666666666666987e-002
	195	240	-2.1428571428571873e-002
	195	246	-3.8095238095239140e-002
	196	196	3.0876190476190557e-001
	196	151	-3.8095238095238224e-002
	196	156	-2.1428571428570960e-002
	196	152	-1.8666666666667012e-002
	196	246	-1.8666666666666835e-002
	196	241	-2.1428571428571384e-002
	196	247	-3.8095238095238224e-002
